1000 1000

300,500 500,700 700,500 500,300 #800080 1 0 6
100,300 300,500 500,300 #800080 1 1 6
300,100 100,300 500,300 #800080 1 0 6
100,300 100,500 300,500 #800080 1 1 6
100,100 100,300 300,100 #800080 1 0 6
300,100 500,300 500,100 #800080 1 1 6
500,100 500,300 700,100 #800080 1 0 6
500,300 700,500 900,300 #800080 1 1 6
500,300 900,300 700,100 #800080 1 0 6
700,500 900,500 900,300 #800080 1 1 6
700,100 900,300 900,100 #800080 1 0 6
300,500 100,700 500,700 #800080 1 1 6
100,700 300,900 500,700 #800080 1 0 6
700,500 500,700 900,700 #800080 1 1 6
500,700 700,900 900,700 #800080 1 0 6
100,500 100,700 300,500 #800080 1 1 6
100,700 100,900 300,900 #800080 1 0 6
300,900 500,900 500,700 #800080 1 1 6
500,700 500,900 700,900 #800080 1 0 6
700,500 900,700 900,500 #800080 1 1 6
700,900 900,900 900,700 #800080 1 0 6